Izmir  (452,623)  (406,631)  (473,669)  (498,598)  (532,644)
Zagros Mountains  (1508,904)  (1462,949)  (1462,903)  (1553,950)  (1508,858)  (1554,858)  (1554,904)  (1462,857)  (1557,996)  (1508,812)  (1554,812)
North Arabian Sea  (1580,1964)  (1534,2009)  (1534,1963)  (1625,2010)  (1580,1918)  (1626,1918)  (1626,1964)  (1532,1917)  (1488,2044)  (1488,1998)  (1671,2010)  (1672,1886)  (1672,1932)  (1486,1952)  (1486,1906)  (1442,2044)  (1442,1998)  (1717,1978)  (1717,2024)  (1718,1890)  (1440,1952)  (1423,1906)  (1396,2044)  (1396,1998)  (1763,1936)  (1763,1982)  (1763,2028)  (1394,1952)  (1377,1906)  (1350,2044)  (1350,1998)  (1809,1889)  (1809,1935)  (1809,1981)  (1809,2027)  (1348,1952)  (1331,1906)  (1304,2044)  (1304,1998)  (1855,1891)  (1855,1937)  (1855,1983)  (1855,2029)  (1302,1952)  (1285,1906)  (1258,2044)  (1258,1998)  (1901,1868)  (1901,1914)  (1901,1960)  (1901,2006)  (1256,1952)  (1212,2044)  (1212,1998)  (1210,1952)
Erzurum  (901,486)  (855,526)  (855,480)  (947,456)  (947,502)  (809,526)  (809,480)  (993,482)
Kirkut  (1207,744)  (1161,789)  (1161,743)  (1252,790)  (1207,698)  (1253,717)  (1159,697)  (1115,759)  (1298,763)  (1298,809)  (1113,713)  (1113,667)  (1159,651)  (1344,720)  (1344,766)  (1344,812)  (1390,792)
Rigestan  (2332,1088)  (2286,1133)  (2286,1087)  (2377,1134)  (2332,1042)  (2378,1042)  (2378,1088)  (2284,1041)  (2331,1179)  (2285,1179)  (2240,1123)  (2423,1134)  (2423,1180)  (2377,1180)  (2330,996)  (2376,996)  (2422,996)  (2424,1042)  (2424,1088)  (2238,1077)  (2238,1031)  (2284,995)  (2228,985)  (2331,1225)  (2285,1225)  (2449,1226)  (2403,1226)  (2330,950)  (2376,950)  (2422,950)  (2192,1039)  (2274,949)  (2182,993)  (2182,947)  (2136,957)
Bulgaria  (135,280)  (89,325)  (89,279)  (180,326)  (135,234)  (181,234)  (181,280)  (87,233)  (91,371)  (45,371)  (43,325)  (43,279)  (226,326)  (207,372)  (227,228)  (227,274)  (41,233)  (272,320)  (273,228)  (273,274)
Istanbul  (502,544)  (456,551)  (456,505)  (502,498)  (410,551)  (410,505)  (478,452)  (524,452)  (364,551)  (364,505)  (296,411)  (250,431)
Al Khali  (1450,1646)  (1404,1680)  (1404,1634)  (1496,1608)  (1496,1654)  (1358,1681)  (1358,1635)  (1542,1606)  (1542,1652)  (1312,1680)  (1312,1634)  (1588,1605)  (1588,1651)  (1266,1678)  (1266,1632)  (1634,1603)  (1634,1649)  (1640,1695)  (1220,1688)  (1220,1642)  (1680,1602)  (1680,1648)  (1686,1694)  (1174,1697)  (1174,1651)  (1726,1628)  (1732,1674)  (1759,1720)  (1128,1638)  (1778,1638)  (1805,1684)  (1851,1649)
Mediterranean sz 1  (46,776)  (91,822)  (45,822)  (4,730)  (50,730)  (92,776)  (96,726)  (123,868)  (77,868)  (31,868)  (4,684)  (50,684)  (96,680)  (123,914)  (77,914)  (31,914)  (4,638)  (50,638)  (96,634)  (123,960)  (77,960)  (31,960)  (4,592)  (50,592)  (96,588)  (123,1006)  (77,1006)  (31,1006)  (12,546)  (105,542)  (123,1052)  (77,1052)  (31,1052)  (116,496)
Mecca  (862,1505)  (816,1550)  (816,1504)  (907,1551)  (862,1459)  (908,1459)  (908,1505)  (814,1458)  (861,1596)  (815,1596)  (770,1550)  (770,1504)  (953,1551)  (926,1597)  (769,1597)  (860,1413)  (906,1413)  (952,1413)  (954,1459)  (954,1505)  (768,1458)  (829,1642)  (999,1551)  (1000,1495)
Georgia  (1092,323)  (1046,368)  (1046,322)  (1137,369)  (1092,277)  (1138,284)  (1044,276)  (1183,330)  (998,303)  (1229,340)
Aswan  (450,1767)  (404,1812)  (404,1766)  (477,1721)  (496,1767)  (358,1812)  (358,1766)  (542,1769)
Southern Persian Gulf  (1704,1406)  (1658,1388)  (1749,1452)  (1704,1360)  (1750,1392)  (1759,1498)
Indian Ocean  (2349,1681)  (2303,1726)  (2303,1680)  (2394,1727)  (2349,1635)  (2395,1635)  (2395,1681)  (2301,1634)  (2348,1772)  (2302,1772)  (2257,1726)  (2257,1680)  (2440,1727)  (2440,1773)  (2394,1773)  (2256,1773)  (2347,1589)  (2393,1589)  (2439,1589)  (2441,1635)  (2441,1681)  (2255,1634)  (2255,1588)  (2301,1588)  (2348,1818)  (2302,1818)  (2449,1819)  (2403,1819)  (2256,1819)  (2347,1543)  (2393,1543)  (2439,1543)  (2233,1542)  (2279,1542)  (2357,1864)  (2311,1864)  (2449,1865)  (2403,1865)  (2265,1865)
Abha  (975,1688)  (929,1733)  (929,1687)  (1020,1734)  (975,1642)  (1021,1642)  (1021,1688)  (883,1750)  (883,1704)  (1067,1652)  (1067,1698)
Kransnovodsk  (1935,362)  (1889,407)  (1889,361)  (1980,408)  (1935,316)  (1981,316)  (1981,362)  (1887,315)  (1843,422)  (1843,376)  (2026,408)  (2027,285)  (2027,331)  (1841,330)  (1797,384)  (2072,377)  (2072,423)  (2073,285)  (2073,331)  (1795,315)
Cairo  (231,1519)  (185,1564)  (185,1518)  (276,1565)  (231,1473)  (277,1473)  (277,1519)  (183,1472)  (230,1610)  (184,1610)  (139,1564)  (139,1518)  (322,1565)  (322,1611)  (276,1611)  (138,1611)  (229,1427)  (275,1427)  (321,1427)  (323,1473)  (323,1519)  (137,1472)  (137,1426)  (183,1426)  (230,1656)  (184,1656)  (93,1565)  (93,1519)  (368,1565)  (368,1611)  (368,1657)  (322,1657)  (276,1657)  (138,1657)  (92,1657)  (92,1611)  (229,1381)  (275,1381)  (369,1440)  (369,1486)  (91,1473)  (91,1427)  (91,1381)  (137,1380)  (183,1380)  (414,1541)  (414,1587)  (414,1633)  (414,1679)  (460,1622)
Badanah  (965,1090)  (919,1135)  (919,1089)  (1010,1136)  (1011,1062)  (956,1043)  (1056,1108)
ice shelf  (1725,287)
Ar Ramadi  (1049,907)  (1003,952)  (1003,906)  (1094,953)  (1049,861)  (1095,861)  (1095,907)  (1001,860)  (1048,998)  (1140,953)  (1094,999)  (1067,815)  (955,885)
Southern Russia  (1158,56)  (1112,101)  (1112,55)  (1203,102)  (1158,10)  (1204,10)  (1204,56)  (1110,9)  (1066,120)  (1066,74)  (1249,102)  (1250,4)  (1250,50)  (1064,28)  (1020,124)  (1020,78)  (1295,96)  (1296,4)  (1296,50)  (1018,32)  (974,145)  (974,99)  (1341,96)  (1342,4)  (1342,50)  (972,53)  (972,7)  (928,166)  (928,120)  (1387,96)  (1388,4)  (1388,50)
Mediterranean sz 3  (250,860)  (204,905)  (204,859)  (295,906)  (250,814)  (296,814)  (296,860)  (202,813)  (249,951)  (203,951)  (335,952)  (248,768)  (294,768)  (170,767)  (289,997)  (243,997)  (197,997)  (335,998)  (216,722)  (262,722)  (308,722)  (170,721)  (289,1043)  (243,1043)  (197,1043)  (216,676)  (262,676)  (308,676)  (170,675)
Caspian sz 1  (1596,131)  (1550,176)  (1550,130)  (1635,177)  (1596,85)  (1642,85)  (1642,131)  (1548,84)  (1589,222)  (1543,222)  (1635,223)  (1594,39)  (1640,39)  (1502,128)  (1502,82)  (1548,38)  (1500,36)  (1589,268)  (1543,268)  (1667,269)  (1454,38)
Ashkhabad  (1948,549)  (1902,589)  (1902,543)  (1993,595)  (1948,503)  (1994,503)  (1994,549)  (1895,497)  (1856,602)  (1856,556)  (2039,595)  (2040,484)  (2040,530)  (1849,510)  (2061,641)  (2085,576)  (2086,484)  (2086,530)
Azerbayzhan  (1488,484)  (1442,513)  (1442,467)  (1534,468)  (1534,514)  (1419,421)  (1580,495)  (1373,387)
Chardzhou  (2296,650)  (2250,695)  (2250,649)  (2341,696)  (2296,604)  (2342,604)  (2342,650)  (2248,603)  (2204,725)  (2204,679)  (2387,696)  (2388,576)  (2388,622)  (2202,633)  (2202,587)  (2158,754)  (2158,708)  (2433,668)  (2433,714)  (2434,576)  (2434,622)  (2156,662)  (2156,616)
Herat  (2288,833)  (2242,878)  (2242,832)  (2333,879)  (2288,787)  (2334,787)  (2334,833)  (2240,786)  (2196,895)  (2196,849)  (2379,879)  (2380,771)  (2380,817)  (2150,895)  (2150,849)  (2425,863)  (2426,771)  (2426,817)
Kerman  (2126,1371)  (2080,1416)  (2080,1370)  (2171,1417)  (2126,1325)  (2172,1325)  (2172,1371)  (2078,1324)  (2099,1462)  (2034,1412)  (2217,1417)  (2124,1279)  (2170,1279)  (2218,1318)  (2218,1364)  (2032,1366)  (2032,1320)  (2078,1278)  (2028,1274)  (2263,1410)  (2124,1233)  (2170,1233)  (2264,1364)  (2074,1232)  (2309,1410)
Black sz 1  (690,306)  (644,350)  (644,304)  (735,352)  (690,260)  (736,260)  (736,306)  (641,258)
Riyadh  (1152,1509)  (1106,1554)  (1106,1508)  (1197,1555)  (1155,1463)  (1198,1509)  (1201,1462)  (1243,1558)
Caucasus  (1416,228)  (1370,273)  (1370,227)  (1461,274)  (1416,182)  (1462,182)  (1462,228)  (1368,181)  (1415,319)  (1324,311)  (1324,265)  (1483,320)  (1322,219)  (1322,173)  (1278,296)  (1510,366)  (1464,366)  (1276,250)  (1276,204)  (1230,244)  (1230,198)  (1184,236)  (1184,190)  (1138,223)  (1138,177)  (1092,223)  (1092,177)  (1046,223)  (1000,223)  (954,223)
Mediterranean sz 5  (601,769)  (555,814)  (628,815)  (647,732)  (526,706)  (693,707)  (449,730)  (409,826)  (403,750)  (398,704)  (390,873)
Straits of Hormuz  (1869,1466)  (1823,1503)  (1823,1457)  (1915,1454)  (1961,1440)
Karachi  (2416,1304)  (2370,1342)  (2449,1350)  (2324,1322)  (2449,1396)  (2403,1439)  (2449,1442)
Black sz 2  (877,335)  (831,380)  (831,334)  (922,381)  (877,289)  (923,313)  (829,288)
Oman  (2029,1650)  (1999,1696)  (1984,1604)  (1983,1650)  (1953,1727)  (1938,1604)  (1937,1681)  (1940,1773)  (1907,1727)  (1894,1786)  (1848,1818)  (1802,1830)  (1802,1784)  (1756,1837)  (1756,1791)
Mediterranean sz 2  (89,1172)  (43,1203)  (43,1157)  (134,1218)  (89,1126)  (135,1131)  (180,1177)  (180,1223)  (181,1131)
Gulf of Aden  (1012,2046)  (966,2091)  (966,2045)  (1057,2092)  (1023,2000)  (1058,2046)  (1069,1989)  (920,2133)  (920,2087)  (920,2041)  (1103,2092)  (1104,2035)  (1115,1947)  (874,2137)  (874,2091)  (1150,1993)  (1150,2039)  (1161,1924)
Red Sea  (741,1861)  (695,1906)  (695,1860)  (786,1907)  (741,1815)  (787,1815)  (787,1861)  (693,1814)  (740,1952)  (694,1952)  (649,1869)  (832,1907)  (832,1953)  (786,1953)  (739,1769)  (785,1769)  (833,1794)  (833,1840)  (647,1823)  (675,1768)  (740,1998)  (878,1956)  (832,1999)  (786,1999)  (721,1723)  (767,1723)  (795,2045)
Abadan  (1741,1145)  (1695,1162)  (1695,1116)  (1787,1130)  (1787,1176)  (1833,1176)  (1586,1131)
Bosporus Strait  (227,545)  (181,590)  (181,544)  (272,591)  (271,499)  (273,545)  (179,498)
Black sz 3  (725,109)  (679,154)  (679,108)  (770,155)  (725,63)  (771,63)  (771,109)  (677,62)  (724,200)  (678,200)  (633,154)  (633,108)  (816,155)  (784,201)  (632,201)  (723,17)  (769,17)  (815,17)  (817,63)  (817,109)  (631,62)  (631,16)  (677,16)  (861,4)  (863,50)  (863,96)
Cyprus  (469,780)
Peski Karakumy  (2302,474)  (2256,519)  (2256,473)  (2347,520)  (2302,428)  (2348,428)  (2348,474)  (2254,427)  (2210,530)  (2210,484)  (2393,520)  (2394,410)  (2394,456)  (2208,438)  (2164,530)  (2164,484)  (2439,502)  (2440,410)  (2440,456)  (2162,438)
United Arab Emirates  (1821,1582)  (1775,1580)
Tabuk  (754,1291)  (708,1336)  (708,1290)  (799,1337)  (754,1245)  (800,1245)  (800,1291)  (706,1244)  (753,1382)  (707,1382)  (662,1336)  (662,1290)  (845,1337)  (661,1383)  (800,1199)  (846,1199)  (846,1245)  (846,1291)  (616,1318)  (823,1153)  (892,1242)  (892,1288)  (815,1107)
Esfahan  (1874,959)  (1828,1004)  (1828,958)  (1919,1005)  (1874,913)  (1920,913)  (1920,959)  (1826,912)  (1873,1050)  (1827,1050)  (1949,1051)  (1872,867)  (1918,867)  (1816,866)  (1903,1096)  (1857,1096)  (1949,1097)  (1903,1142)  (1963,1143)
Gulf of Aquaba  (558,1491)  (512,1536)  (512,1490)  (603,1537)  (558,1445)  (604,1445)  (604,1491)  (510,1444)  (557,1582)  (466,1501)  (649,1537)  (649,1583)  (603,1583)  (556,1399)  (650,1480)  (500,1398)  (557,1628)  (695,1596)  (649,1629)  (603,1629)  (546,1353)  (648,1675)  (602,1675)  (514,1307)  (628,1721)
Shiraz  (1873,1310)  (1827,1355)  (1827,1309)  (1918,1356)  (1873,1264)  (1919,1264)  (1919,1310)  (1825,1263)  (1781,1336)  (1964,1356)  (1965,1232)  (1965,1278)  (1779,1290)  (1779,1244)
Basra  (1374,1150)  (1328,1195)  (1328,1149)  (1419,1196)  (1420,1113)  (1282,1185)  (1282,1139)  (1403,1242)  (1466,1113)  (1512,1113)
Caspian sz 2  (1657,395)  (1611,422)  (1611,376)  (1702,441)  (1657,349)  (1703,349)  (1703,395)  (1591,330)  (1656,468)
Ankara  (671,524)  (625,526)  (625,480)  (671,478)  (717,478)  (717,524)  (586,434)  (632,432)  (678,432)  (724,432)
Dardenelles Strait  (450,311)  (404,356)  (404,310)  (495,357)  (450,265)  (496,265)  (496,311)  (411,402)  (358,380)  (358,334)  (541,357)  (542,228)  (542,274)
Libya  (4,1397)  (17,1443)  (20,1489)  (4,1298)  (17,1535)  (4,1252)  (17,1581)  (17,1627)  (19,1673)
Djibouti  (715,2101)  (669,2129)  (761,2115)
Adana  (594,598)  (639,644)  (593,644)  (640,573)  (685,619)  (686,573)  (731,619)  (732,573)  (829,573)  (938,573)
Mashad  (1944,734)  (1898,779)  (1898,733)  (1989,780)  (1944,688)  (1990,688)  (1990,734)  (1896,687)  (1852,811)  (1852,765)  (2035,780)  (2036,713)  (1850,719)  (2081,759)
Alexandria  (138,1306)  (92,1329)  (92,1283)  (184,1310)  (230,1311)  (276,1293)
Syria  (886,803)  (840,848)  (840,802)  (886,757)  (932,757)  (932,803)  (838,756)  (794,866)  (794,820)  (884,711)  (930,711)  (976,711)  (978,757)  (792,774)  (792,728)  (838,710)  (1022,667)  (748,877)  (884,665)  (930,665)  (976,665)  (1024,713)  (1024,759)  (813,664)  (1022,621)  (1087,596)
Greece  (48,438)  (94,430)  (55,484)
Somalia  (957,2211)  (911,2226)  (1003,2181)  (865,2226)  (1049,2165)  (1049,2211)  (821,2180)  (819,2226)  (1095,2160)  (1095,2206)  (775,2180)  (773,2226)  (1141,2154)  (729,2180)  (727,2226)  (683,2180)  (681,2226)  (637,2180)
Jordan  (667,1070)  (621,1115)  (712,1116)  (647,1024)  (693,1024)  (713,1070)  (739,998)  (666,1161)  (620,1161)  (758,1137)  (649,978)  (574,1175)  (695,952)  (741,952)  (785,998)  (787,950)  (633,1207)  (587,1221)  (831,996)  (833,915)  (877,961)  (877,1007)  (879,905)  (923,968)
Suez Canal  (424,1333)  (447,1379)
Al Hajara  (1171,1059)  (1125,1059)  (1217,1072)
Al Qalif  (1468,1517)  (1422,1561)  (1422,1515)  (1514,1482)  (1514,1528)  (1376,1562)  (1376,1516)  (1560,1482)  (1560,1528)  (1330,1564)  (1330,1518)  (1606,1482)  (1606,1528)  (1284,1497)  (1652,1534)
Armenia  (1379,549)  (1351,503)  (1305,534)  (1305,488)  (1290,442)
Baghdad  (1314,966)  (1268,1011)  (1268,965)  (1359,1012)  (1314,920)  (1360,920)  (1360,966)  (1266,919)  (1313,1057)  (1222,971)  (1405,1012)  (1405,1058)  (1359,1058)  (1312,874)  (1358,874)  (1220,925)  (1220,879)  (1266,873)  (1451,1029)  (1174,879)  (1497,1065)
An Nafud  (1054,1279)  (1008,1324)  (1008,1278)  (1099,1325)  (1054,1233)  (1100,1233)  (1100,1279)  (1006,1232)  (1053,1370)  (1145,1336)  (1099,1371)  (1062,1187)  (1108,1187)  (960,1244)  (1154,1179)  (1156,1382)  (1053,1416)  (1107,1417)
South Arabian Sea  (1594,2158)  (1548,2203)  (1548,2157)  (1639,2204)  (1594,2112)  (1640,2112)  (1640,2158)  (1546,2111)  (1502,2226)  (1502,2180)  (1685,2204)  (1686,2091)  (1686,2137)  (1500,2134)  (1456,2226)  (1456,2180)  (1731,2183)  (1732,2091)  (1732,2137)  (1454,2134)  (1410,2226)  (1410,2180)  (1777,2183)  (1778,2091)  (1778,2137)  (1408,2134)  (1364,2226)  (1364,2180)  (1823,2183)  (1824,2091)  (1824,2137)  (1362,2134)  (1318,2226)  (1318,2180)  (1869,2183)  (1870,2091)  (1870,2137)  (1316,2134)  (1272,2226)  (1272,2180)  (1915,2183)  (1916,2091)  (1916,2137)  (1270,2134)  (1226,2226)  (1226,2180)  (1224,2134)
Kurdistan  (1183,524)  (1137,531)  (1137,485)  (1228,570)  (1183,478)  (1229,497)  (1274,586)  (1290,632)
Gulf of Oman  (2095,1769)  (2049,1814)  (2049,1768)  (2140,1815)  (2095,1723)  (2141,1723)  (2141,1769)  (2094,1860)  (2048,1860)  (2003,1814)  (2185,1861)  (2002,1861)  (2093,1677)  (2139,1677)  (2185,1677)  (2099,1631)  (2145,1631)  (2073,1585)  (2119,1585)  (2165,1585)  (2026,1545)  (2072,1539)  (2118,1539)  (2164,1539)  (1979,1525)
Asmera  (485,2041)  (439,2086)  (439,2040)  (530,2087)  (485,1995)  (531,1995)  (531,2041)  (437,1994)  (393,2129)  (393,2083)  (576,2087)  (577,1978)  (577,2024)  (391,2037)  (391,1991)  (347,2129)  (347,2083)  (622,2070)  (623,1978)  (623,2024)  (345,2037)  (345,1991)
Tabriz  (1483,678)  (1437,723)  (1437,677)  (1528,724)  (1483,632)  (1529,632)  (1529,678)  (1435,631)
Isreal  (542,1059)  (533,1111)  (518,1157)  (516,1203)
Yemen  (1205,1798)  (1159,1843)  (1159,1797)  (1250,1844)  (1205,1752)  (1251,1752)  (1251,1798)  (1113,1878)  (1113,1832)  (1113,1786)  (1297,1729)  (1297,1775)  (1297,1821)  (1067,1899)  (1067,1853)  (1067,1807)  (1343,1730)  (1343,1776)  (1343,1822)  (1021,1922)  (1021,1876)  (1389,1729)  (1389,1775)  (1389,1821)  (978,1830)  (975,1954)  (975,1908)  (1435,1730)  (1435,1776)  (1435,1822)  (932,1862)  (929,1913)  (1481,1728)  (1481,1774)  (1481,1820)  (1527,1731)  (1527,1777)  (1527,1823)  (1573,1744)  (1573,1790)  (1573,1836)  (1619,1750)  (1619,1796)
Mediterranean sz 4  (403,1116)  (357,1161)  (357,1115)  (448,1162)  (403,1070)  (449,1070)  (449,1116)  (402,1207)  (356,1207)  (311,1161)  (310,1208)  (393,1024)  (439,1024)  (485,1024)  (265,1162)  (264,1234)  (412,978)  (458,978)  (504,978)  (550,938)  (432,932)  (478,932)  (524,892)  (570,892)  (451,886)
Northern Persian Gulf  (1642,1255)  (1596,1272)  (1596,1226)  (1687,1301)  (1642,1209)  (1688,1255)
Kuwait  (1500,1250)  (1538,1296)
Tehran  (1690,840)  (1644,885)  (1644,839)  (1735,886)  (1690,794)  (1736,794)  (1736,840)  (1642,793)  (1689,931)  (1643,931)  (1769,932)  (1782,753)  (1782,799)  (1605,747)  (1723,977)  (1677,977)  (1631,977)  (1769,978)  (1723,1023)  (1677,1023)  (1631,1023)  (1769,1024)
Al Hasa  (1392,1358)  (1346,1403)  (1346,1357)  (1437,1404)  (1392,1312)  (1438,1312)  (1438,1358)  (1344,1311)  (1300,1435)  (1300,1389)  (1483,1404)  (1484,1346)  (1298,1343)  (1298,1297)  (1270,1251)  (1254,1424)  (1529,1392)  (1252,1378)  (1252,1332)  (1224,1286)  (1224,1240)  (1575,1402)
Port of Tehran  (1699,685)  (1653,676)  (1745,666)
Birjand  (2010,1070)  (2055,1116)  (1996,1024)  (2042,1024)  (2056,1070)  (2088,1005)  (2101,1116)  (2101,1162)  (1996,978)  (2042,978)  (2102,1051)  (2147,1097)  (2147,1143)  (1996,932)  (2042,932)  (2193,1172)  (1996,886)  (2042,886)
Caspian sz 3  (1678,570)  (1632,615)  (1632,569)  (1723,616)  (1724,548)
Lebanon  (710,803)
Port Sudan  (462,1893)  (416,1931)  (416,1885)  (508,1858)  (508,1904)  (370,1931)  (370,1885)  (554,1865)  (554,1911)  (600,1915)
Southern Ethiopia  (462,2203)  (416,2226)  (416,2180)  (508,2176)  (508,2222)  (370,2226)  (370,2180)  (554,2176)  (554,2222)